[gd_scene load_steps=14 format=2]

[ext_resource path="res://PlaneSteppedShading.tres" type="Material" id=1]
[ext_resource path="res://LanternLight.tscn" type="PackedScene" id=2]
[ext_resource path="res://Rocks.tscn" type="PackedScene" id=3]
[ext_resource path="res://Snake.tscn" type="PackedScene" id=4]
[ext_resource path="res://WindDirectionIndicator.gd" type="Script" id=5]
[ext_resource path="res://LightSwitch.tscn" type="PackedScene" id=6]
[ext_resource path="res://SnakeLane.gd" type="Script" id=7]
[ext_resource path="res://BrokenSailboat.tscn" type="PackedScene" id=8]

[sub_resource type="PlaneMesh" id=1]
size = Vector2( 2500, 2500 )

[sub_resource type="CubeMesh" id=2]
size = Vector3( 2, 0.5, 0.5 )

[sub_resource type="SpatialMaterial" id=3]
albedo_color = Color( 1, 0, 0, 1 )

[sub_resource type="CubeMesh" id=4]
size = Vector3( 0.6, 0.7, 0.7 )

[sub_resource type="OpenSimplexNoise" id=5]
period = 1.4

[node name="Level" type="Spatial"]

[node name="Floor" type="MeshInstance" parent="."]
transform = Transform( 1, 0, 0, 0, 1, 0, 0, 0, 1, 0, 0, -2.23376 )
material_override = ExtResource( 1 )
mesh = SubResource( 1 )
material/0 = null
__meta__ = {
"_edit_lock_": true
}

[node name="WindDirectionIndicator" type="MeshInstance" parent="."]
transform = Transform( 1, 0, 0, 0, 1, 0, 0, 0, 1, -6.11904, 0, 3.47717 )
mesh = SubResource( 2 )
material/0 = null
script = ExtResource( 5 )

[node name="MeshInstance" type="MeshInstance" parent="WindDirectionIndicator"]
transform = Transform( 1, 0, 0, 0, 1, 0, 0, 0, 1, -0.767219, 0, 0 )
material_override = SubResource( 3 )
mesh = SubResource( 4 )
material/0 = null

[node name="WindDirectionIndicator2" type="MeshInstance" parent="."]
transform = Transform( 1, 0, 0, 0, 1, 0, 0, 0, 1, -47.6258, 0, 11.4598 )
mesh = SubResource( 2 )
material/0 = null
script = ExtResource( 5 )

[node name="MeshInstance" type="MeshInstance" parent="WindDirectionIndicator2"]
transform = Transform( 1, 0, 0, 0, 1, 0, 0, 0, 1, -0.767219, 0, 0 )
material_override = SubResource( 3 )
mesh = SubResource( 4 )
material/0 = null

[node name="LanternLight" parent="." instance=ExtResource( 2 )]
shadow_bias = 0.2
shadow_contact = 0.27
omni_range = 24.4015
noise = SubResource( 5 )

[node name="LanternLight2" parent="." instance=ExtResource( 2 )]
transform = Transform( 1, 0, 0, 0, 1, 0, 0, 0, 1, -48.1876, 8.69951, 1.43602 )
shadow_bias = 0.38
omni_range = 24.9727
noise = SubResource( 5 )

[node name="LightSwitch" parent="LanternLight2" instance=ExtResource( 6 )]
paths = [ NodePath("../../LanternLight3") ]

[node name="LanternLight3" parent="." instance=ExtResource( 2 )]
transform = Transform( 1, 0, 0, 0, 1, 0, 0, 0, 1, -50.1069, 8.69951, -41.5338 )
shadow_bias = 0.46
omni_range = 24.9727
noise = SubResource( 5 )
off = true

[node name="LightSwitch" parent="LanternLight3" instance=ExtResource( 6 )]
paths = [ NodePath("../../LanternLight4"), NodePath("../../LanternLight5") ]

[node name="LanternLight4" parent="." instance=ExtResource( 2 )]
transform = Transform( 1, 0, 0, 0, 1, 0, 0, 0, 1, -109.014, 8.69951, -41.5338 )
omni_range = 24.9727
noise = SubResource( 5 )
off = true

[node name="RockGroup" type="Spatial" parent="LanternLight4"]
transform = Transform( 1, 0, 0, 0, 1, 0, 0, 0, 1, -6.0534, -8.65554, 1.35618 )

[node name="Rock" parent="LanternLight4/RockGroup" instance=ExtResource( 3 )]
transform = Transform( 0.104546, 0, 0.99452, 0, 1, 0, -0.99452, 0, 0.104546, 6.01701, -0.538852, 1.73994 )

[node name="Rock2" parent="LanternLight4/RockGroup" instance=ExtResource( 3 )]
transform = Transform( -0.0699694, -0.625852, 0.776797, 0.966851, -0.234243, -0.101637, 0.245569, 0.743935, 0.621496, 6.32558, -0.538852, -0.736328 )

[node name="Rock3" parent="LanternLight4/RockGroup" instance=ExtResource( 3 )]
transform = Transform( -0.995848, 0.0331184, 0.0847936, -0.0408989, -0.994944, -0.0917302, 0.0813269, -0.0948173, 0.992167, 6.32558, -0.538852, -1.93616 )

[node name="Rock4" parent="LanternLight4/RockGroup" instance=ExtResource( 3 )]
transform = Transform( -0.833498, -0.016655, 0.552271, 0.190223, -0.94709, 0.258527, 0.518744, 0.320537, 0.792566, 6.87302, -0.0241094, 0.272573 )

[node name="LanternLight5" parent="." instance=ExtResource( 2 )]
transform = Transform( 1, 0, 0, 0, 1, 0, 0, 0, 1, -174.82, 8.69951, -41.5338 )
omni_range = 24.9727
noise = SubResource( 5 )
off = true

[node name="RockGroup" type="Spatial" parent="LanternLight5"]
transform = Transform( 1, 0, 0, 0, 1, 0, 0, 0, 1, -6.0534, -8.65554, 1.35618 )

[node name="Rock" parent="LanternLight5/RockGroup" instance=ExtResource( 3 )]
transform = Transform( 0.104546, 0, 0.99452, 0, 1, 0, -0.99452, 0, 0.104546, 6.01701, -0.538852, 1.73994 )

[node name="Rock2" parent="LanternLight5/RockGroup" instance=ExtResource( 3 )]
transform = Transform( -0.0699694, -0.625852, 0.776797, 0.966851, -0.234243, -0.101637, 0.245569, 0.743935, 0.621496, 6.32558, -0.538852, -0.736328 )

[node name="Rock3" parent="LanternLight5/RockGroup" instance=ExtResource( 3 )]
transform = Transform( -0.995848, 0.0331184, 0.0847936, -0.0408989, -0.994944, -0.0917302, 0.0813269, -0.0948173, 0.992167, 6.32558, -0.538852, -1.93616 )

[node name="Rock4" parent="LanternLight5/RockGroup" instance=ExtResource( 3 )]
transform = Transform( -0.833498, -0.016655, 0.552271, 0.190223, -0.94709, 0.258527, 0.518744, 0.320537, 0.792566, 6.87302, -0.0241094, 0.272573 )

[node name="RockGroup2" type="Spatial" parent="LanternLight5"]
transform = Transform( 1, 0, 0, 0, 1, 0, 0, 0, 1, -6.05339, -8.65554, -12.2816 )

[node name="Rock" parent="LanternLight5/RockGroup2" instance=ExtResource( 3 )]
transform = Transform( 0.104546, 0, 0.99452, 0, 1, 0, -0.99452, 0, 0.104546, 6.01701, -0.538852, 1.73994 )

[node name="Rock2" parent="LanternLight5/RockGroup2" instance=ExtResource( 3 )]
transform = Transform( -0.0699694, -0.625852, 0.776797, 0.966851, -0.234243, -0.101637, 0.245569, 0.743935, 0.621496, 6.32558, -0.538852, -0.736328 )

[node name="Rock3" parent="LanternLight5/RockGroup2" instance=ExtResource( 3 )]
transform = Transform( -0.995848, 0.0331184, 0.0847936, -0.0408989, -0.994944, -0.0917302, 0.0813269, -0.0948173, 0.992167, 6.32558, -0.538852, -1.93616 )

[node name="Rock4" parent="LanternLight5/RockGroup2" instance=ExtResource( 3 )]
transform = Transform( -0.833498, -0.016655, 0.552271, 0.190223, -0.94709, 0.258527, 0.518744, 0.320537, 0.792566, 6.87302, -0.0241094, 0.272573 )

[node name="RockGroup3" type="Spatial" parent="LanternLight5"]
transform = Transform( 1, 0, 0, 0, 1, 0, 0, 0, 1, -6.05339, -8.65554, 13.735 )

[node name="Rock" parent="LanternLight5/RockGroup3" instance=ExtResource( 3 )]
transform = Transform( 0.104546, 0, 0.99452, 0, 1, 0, -0.99452, 0, 0.104546, 6.01701, -0.538852, 1.73994 )

[node name="Rock2" parent="LanternLight5/RockGroup3" instance=ExtResource( 3 )]
transform = Transform( -0.0699694, -0.625852, 0.776797, 0.966851, -0.234243, -0.101637, 0.245569, 0.743935, 0.621496, 6.32558, -0.538852, -0.736328 )

[node name="Rock3" parent="LanternLight5/RockGroup3" instance=ExtResource( 3 )]
transform = Transform( -0.995848, 0.0331184, 0.0847936, -0.0408989, -0.994944, -0.0917302, 0.0813269, -0.0948173, 0.992167, 6.32558, -0.538852, -1.93616 )

[node name="Rock4" parent="LanternLight5/RockGroup3" instance=ExtResource( 3 )]
transform = Transform( -0.833498, -0.016655, 0.552271, 0.190223, -0.94709, 0.258527, 0.518744, 0.320537, 0.792566, 6.87302, -0.0241094, 0.272573 )

[node name="LightSwitch" parent="LanternLight5" instance=ExtResource( 6 )]
paths = [ NodePath("../../SnakeLane") ]

[node name="SnakeLane" type="Spatial" parent="."]
transform = Transform( 0.65231, 0, -0.757952, 0, 1, 0, 0.757952, 0, 0.65231, -231.32, 0, -41.534 )
script = ExtResource( 7 )

[node name="LanternLight" parent="SnakeLane" instance=ExtResource( 2 )]
transform = Transform( 1, 0, 0, 0, 1, 0, 0, 0, 1, -5.47176, 8.69951, 0.122147 )
omni_range = 29.9348
off = true

[node name="BrokenSailboat" parent="SnakeLane/LanternLight" instance=ExtResource( 8 )]
transform = Transform( 0.634966, 0.0824144, -0.768132, 0.73701, 0.233445, 0.634287, 0.231591, -0.968871, 0.0874899, 4.16734, -10.9293, -9.09399 )

[node name="LanternLight2" parent="SnakeLane" instance=ExtResource( 2 )]
transform = Transform( 1, 0, 0, 0, 1, 0, 0, 0, 1, -41.2745, 8.69951, 0.122143 )
shadow_bias = 0.45
shadow_contact = 0.18
off = true

[node name="BrokenSailboat2" parent="SnakeLane/LanternLight2" instance=ExtResource( 8 )]
transform = Transform( 0.0743252, -0.296907, 0.95201, 0.986917, -0.115064, -0.112936, 0.143074, 0.947949, 0.28447, 9.99057, -10.9293, 12.0961 )

[node name="BrokenSailboat3" parent="SnakeLane/LanternLight2" instance=ExtResource( 8 )]
transform = Transform( 0.255089, -0.962504, 0.0922864, 0.917795, 0.271059, 0.290138, -0.304274, 0.0106887, 0.952525, 2.00497, -10.9293, -13.6172 )

[node name="LanternLight3" parent="SnakeLane" instance=ExtResource( 2 )]
transform = Transform( 1, 0, 0, 0, 1, 0, 0, 0, 1, -82.8819, 8.69951, 0.122143 )
shadow_bias = 0.45
shadow_contact = 0.18
off = true

[node name="BrokenSailboat3" parent="SnakeLane/LanternLight3" instance=ExtResource( 8 )]
transform = Transform( 0.255089, -0.962504, 0.0922864, 0.917795, 0.271059, 0.290138, -0.304274, 0.0106887, 0.952525, 2.00497, -10.9293, -13.6172 )

[node name="BrokenSailboat4" parent="SnakeLane/LanternLight3" instance=ExtResource( 8 )]
transform = Transform( 0.904156, -0.425844, -0.0340356, 0.343248, 0.771592, -0.535563, 0.254328, 0.47255, 0.84381, 6.40332, -10.4041, 14.5595 )

[node name="BrokenSailboat5" parent="SnakeLane/LanternLight3" instance=ExtResource( 8 )]
transform = Transform( 0.358109, -0.379185, 0.853216, 0.285971, -0.825359, -0.486831, 0.888807, 0.418334, -0.187133, -6.73969, -7.94344, 9.11136 )

[node name="LanternLight4" parent="SnakeLane" instance=ExtResource( 2 )]
transform = Transform( 1, 0, 0, 0, 1, 0, 0, 0, 1, -117.344, 8.69951, 0.122143 )
shadow_bias = 0.45
shadow_contact = 0.18
off = true

[node name="BrokenSailboat5" parent="SnakeLane/LanternLight4" instance=ExtResource( 8 )]
transform = Transform( 0.94554, 0.325486, 0.00360379, 0.285971, -0.825359, -0.486831, -0.155482, 0.461349, -0.873489, -6.73969, -7.94344, 9.11136 )

[node name="BrokenSailboat6" parent="SnakeLane/LanternLight4" instance=ExtResource( 8 )]
transform = Transform( 0.941748, 0.148228, 0.301894, 0.285971, -0.825359, -0.486831, 0.177009, 0.544805, -0.819668, 6.05984, -7.88466, -8.84628 )

[node name="BrokenSailboat7" parent="SnakeLane/LanternLight4" instance=ExtResource( 8 )]
transform = Transform( 0.948215, -0.214086, -0.234641, -0.268627, -0.146308, -0.952069, 0.169494, 0.965796, -0.196241, 11.5637, -8.06871, 7.89153 )

[node name="LanternLight5" parent="SnakeLane" instance=ExtResource( 2 )]
transform = Transform( 1, 0, 2.98023e-08, 0, 1, 0, -2.98023e-08, 0, 1, -162.729, 8.69951, -5.21689 )
shadow_bias = 0.45
shadow_contact = 0.18
off = true

[node name="BrokenSailboat5" parent="SnakeLane/LanternLight5" instance=ExtResource( 8 )]
transform = Transform( 0.358109, -0.379185, 0.853216, 0.285971, -0.825359, -0.486831, 0.888807, 0.418334, -0.187133, 6.56137, -7.94344, 10.0713 )

[node name="BrokenSailboat6" parent="SnakeLane/LanternLight5" instance=ExtResource( 8 )]
transform = Transform( 0.716194, 0.0915675, -0.691869, 0.267268, -0.951766, 0.150701, -0.644697, -0.292846, -0.706122, 5.23138, -7.94344, -4.67406 )

[node name="BrokenSailboat7" parent="SnakeLane/LanternLight5" instance=ExtResource( 8 )]
transform = Transform( -0.177583, -0.20236, -0.963077, 0.267268, -0.951766, 0.150701, -0.947118, -0.230638, 0.223103, 1.56555, -8.30304, -17.4186 )

[node name="LanternLight6" parent="SnakeLane" instance=ExtResource( 2 )]
transform = Transform( 1, 0, 2.98023e-08, 0, 1, 0, -2.98023e-08, 0, 1, -189.223, 8.69951, 29.1053 )
shadow_bias = 0.45
shadow_contact = 0.18
off = true

[node name="BrokenSailboat7" parent="SnakeLane/LanternLight6" instance=ExtResource( 8 )]
transform = Transform( -0.835752, -0.472421, -0.279889, 0.478195, -0.876719, 0.051906, -0.269905, -0.090461, 0.958629, -11.6102, -8.94252, -13.94 )

[node name="BrokenSailboat8" parent="SnakeLane/LanternLight6" instance=ExtResource( 8 )]
transform = Transform( -0.248879, -0.25394, 0.934654, 0.40947, -0.90212, -0.136068, 0.877721, 0.348848, 0.328499, 0.358063, -8.94252, 0.560547 )

[node name="BrokenSailboat9" parent="SnakeLane/LanternLight6" instance=ExtResource( 8 )]
transform = Transform( -0.310734, 0.065344, 0.94825, -0.0414316, -0.997618, 0.0551695, 0.949594, -0.0221442, 0.312701, -5.83731, -6.96369, -8.12 )

[node name="BrokenSailboat10" parent="SnakeLane/LanternLight6" instance=ExtResource( 8 )]
transform = Transform( -0.462622, -0.422653, 0.779326, 0.713238, -0.69954, 0.0440081, 0.526569, 0.576202, 0.625075, 9.76755, -8.65861, 9.46933 )

[node name="BrokenSailboat11" parent="SnakeLane/LanternLight6" instance=ExtResource( 8 )]
transform = Transform( -0.181008, -0.24448, -0.952612, 0.713238, -0.69954, 0.0440081, -0.677148, -0.671472, 0.300995, 15.2124, -8.29665, 14.6265 )

[node name="LanternLight7" parent="SnakeLane" instance=ExtResource( 2 )]
transform = Transform( 1, 0, 2.98023e-08, 0, 1, 0, -2.98023e-08, 0, 1, -222.558, 8.69951, 64.6925 )
shadow_bias = 0.45
shadow_contact = 0.18
off = true

[node name="LanternLight8" parent="SnakeLane" instance=ExtResource( 2 )]
transform = Transform( 1, 0, 2.98023e-08, 0, 1, 0, -2.98023e-08, 0, 1, -272.09, 8.69951, 120.064 )
shadow_bias = 0.45
shadow_contact = 0.18
off = true

[node name="LanternLight9" parent="SnakeLane" instance=ExtResource( 2 )]
transform = Transform( 1, 0, 2.98023e-08, 0, 1, 0, -2.98023e-08, 0, 1, -348.477, 8.69951, 208.822 )
shadow_bias = 0.45
shadow_contact = 0.18
off = true

[node name="LanternLight10" parent="SnakeLane" instance=ExtResource( 2 )]
transform = Transform( 1, 0, 2.98023e-08, 0, 1, 0, -2.98023e-08, 0, 1, -435.772, 8.69951, 310.255 )
shadow_bias = 0.45
shadow_contact = 0.18
off = true

[node name="LanternLight11" parent="SnakeLane" instance=ExtResource( 2 )]
transform = Transform( 1, 0, 2.98023e-08, 0, 1, 0, -2.98023e-08, 0, 1, -519.558, 8.69951, 408.905 )
shadow_bias = 0.45
shadow_contact = 0.18
off = true

[node name="Snake" parent="SnakeLane" instance=ExtResource( 4 )]
transform = Transform( -0.778637, -0.0118269, -0.627362, 1.64779e-09, 0.999822, -0.0188484, 0.627474, -0.0146761, -0.778499, -120.617, -5.32101, -27.3707 )

[node name="Rocks" type="Spatial" parent="."]

[node name="RockGroup" type="Spatial" parent="Rocks"]

[node name="Rock" parent="Rocks/RockGroup" instance=ExtResource( 3 )]
transform = Transform( 0.104546, 0, 0.99452, 0, 1, 0, -0.99452, 0, 0.104546, 6.01701, -0.538852, 1.73994 )

[node name="Rock2" parent="Rocks/RockGroup" instance=ExtResource( 3 )]
transform = Transform( -0.0699694, -0.625852, 0.776797, 0.966851, -0.234243, -0.101637, 0.245569, 0.743935, 0.621496, 6.32558, -0.538852, -0.736328 )

[node name="Rock3" parent="Rocks/RockGroup" instance=ExtResource( 3 )]
transform = Transform( -0.995848, 0.0331184, 0.0847936, -0.0408989, -0.994944, -0.0917302, 0.0813269, -0.0948173, 0.992167, 6.32558, -0.538852, -1.93616 )

[node name="Rock4" parent="Rocks/RockGroup" instance=ExtResource( 3 )]
transform = Transform( -0.833498, -0.016655, 0.552271, 0.190223, -0.94709, 0.258527, 0.518744, 0.320537, 0.792566, 6.87302, -0.0241094, 0.272573 )

[node name="RockGroup6" type="Spatial" parent="Rocks"]
transform = Transform( 1, 0, 0, 0, 1, 0, 0, 0, 1, -67.2371, 0, 0 )

[node name="Rock" parent="Rocks/RockGroup6" instance=ExtResource( 3 )]
transform = Transform( 0.104546, 0, 0.99452, 0, 1, 0, -0.99452, 0, 0.104546, 6.01701, -0.538852, 1.73994 )

[node name="Rock2" parent="Rocks/RockGroup6" instance=ExtResource( 3 )]
transform = Transform( -0.0699694, -0.625852, 0.776797, 0.966851, -0.234243, -0.101637, 0.245569, 0.743935, 0.621496, 6.32558, -0.538852, -0.736328 )

[node name="Rock3" parent="Rocks/RockGroup6" instance=ExtResource( 3 )]
transform = Transform( -0.995848, 0.0331184, 0.0847936, -0.0408989, -0.994944, -0.0917302, 0.0813269, -0.0948173, 0.992167, 6.32558, -0.538852, -1.93616 )

[node name="Rock4" parent="Rocks/RockGroup6" instance=ExtResource( 3 )]
transform = Transform( -0.833498, -0.016655, 0.552271, 0.190223, -0.94709, 0.258527, 0.518744, 0.320537, 0.792566, 6.87302, -0.0241094, 0.272573 )

[node name="RockGroup7" type="Spatial" parent="Rocks"]
transform = Transform( 0.99956, 0, 0.0296487, 0, 1, 0, -0.0296487, 0, 0.99956, -66.566, 0, 5.56312 )

[node name="Rock" parent="Rocks/RockGroup7" instance=ExtResource( 3 )]
transform = Transform( 0.104546, 0, 0.99452, 0, 1, 0, -0.99452, 0, 0.104546, 6.01701, -0.538852, 1.73994 )

[node name="Rock2" parent="Rocks/RockGroup7" instance=ExtResource( 3 )]
transform = Transform( -0.0699694, -0.625852, 0.776797, 0.966851, -0.234243, -0.101637, 0.245569, 0.743935, 0.621496, 6.32558, -0.538852, -0.736328 )

[node name="Rock3" parent="Rocks/RockGroup7" instance=ExtResource( 3 )]
transform = Transform( -0.995848, 0.0331184, 0.0847936, -0.0408989, -0.994944, -0.0917302, 0.0813269, -0.0948173, 0.992167, 6.32558, -0.538852, -1.93616 )

[node name="Rock4" parent="Rocks/RockGroup7" instance=ExtResource( 3 )]
transform = Transform( -0.833498, -0.016655, 0.552271, 0.190223, -0.94709, 0.258527, 0.518744, 0.320537, 0.792566, 6.87302, -0.0241094, 0.272573 )

[node name="RockGroup9" type="Spatial" parent="Rocks"]
transform = Transform( 0.891655, 0, 0.452715, 0, 1, 0, -0.452715, 0, 0.891655, -63.9628, 0, 13.2601 )

[node name="Rock" parent="Rocks/RockGroup9" instance=ExtResource( 3 )]
transform = Transform( 0.104546, 0, 0.99452, 0, 1, 0, -0.99452, 0, 0.104546, 6.01701, -0.538852, 1.73994 )

[node name="Rock2" parent="Rocks/RockGroup9" instance=ExtResource( 3 )]
transform = Transform( -0.0699694, -0.625852, 0.776797, 0.966851, -0.234243, -0.101637, 0.245569, 0.743935, 0.621496, 6.32558, -0.538852, -0.736328 )

[node name="Rock3" parent="Rocks/RockGroup9" instance=ExtResource( 3 )]
transform = Transform( -0.995848, 0.0331184, 0.0847936, -0.0408989, -0.994944, -0.0917302, 0.0813269, -0.0948173, 0.992167, 6.32558, -0.538852, -1.93616 )

[node name="Rock4" parent="Rocks/RockGroup9" instance=ExtResource( 3 )]
transform = Transform( -0.833498, -0.016655, 0.552271, 0.190223, -0.94709, 0.258527, 0.518744, 0.320537, 0.792566, 6.87301, -0.0241094, 0.272572 )

[node name="RockGroup8" type="Spatial" parent="Rocks"]
transform = Transform( 0.896455, 0, -0.443134, 0, 1, 0, 0.443134, 0, 0.896455, -65.3218, 0, -8.72653 )

[node name="Rock" parent="Rocks/RockGroup8" instance=ExtResource( 3 )]
transform = Transform( 0.104546, 0, 0.99452, 0, 1, 0, -0.99452, 0, 0.104546, 6.01701, -0.538852, 1.73994 )

[node name="Rock2" parent="Rocks/RockGroup8" instance=ExtResource( 3 )]
transform = Transform( -0.0699694, -0.625852, 0.776797, 0.966851, -0.234243, -0.101637, 0.245569, 0.743935, 0.621496, 6.32558, -0.538852, -0.736328 )

[node name="Rock3" parent="Rocks/RockGroup8" instance=ExtResource( 3 )]
transform = Transform( -0.995848, 0.0331184, 0.0847936, -0.0408989, -0.994944, -0.0917302, 0.0813269, -0.0948173, 0.992167, 6.32558, -0.538852, -1.93616 )

[node name="Rock4" parent="Rocks/RockGroup8" instance=ExtResource( 3 )]
transform = Transform( -0.833498, -0.016655, 0.552271, 0.190223, -0.94709, 0.258527, 0.518744, 0.320537, 0.792566, 6.87302, -0.0241094, 0.272573 )

[node name="RockGroup2" type="Spatial" parent="Rocks"]
transform = Transform( 0.677555, 0.128026, 0.724244, 0.10264, -0.991556, 0.0792551, 0.728275, 0.020637, -0.684974, -0.0463319, -1.39438, -0.417027 )

[node name="Rock" parent="Rocks/RockGroup2" instance=ExtResource( 3 )]
transform = Transform( 0.104546, -1.86265e-09, 0.99452, 2.04891e-08, 1, -4.65661e-09, -0.99452, 2.79397e-09, 0.104546, 6.01701, -0.538852, 1.73994 )

[node name="Rock2" parent="Rocks/RockGroup2" instance=ExtResource( 3 )]
transform = Transform( -0.0699694, -0.625852, 0.776797, 0.966851, -0.234243, -0.101637, 0.245569, 0.743935, 0.621496, 6.32558, -0.538852, -0.736328 )

[node name="Rock3" parent="Rocks/RockGroup2" instance=ExtResource( 3 )]
transform = Transform( -0.995848, 0.0331184, 0.0847935, -0.0408989, -0.994944, -0.0917302, 0.0813269, -0.0948173, 0.992167, 6.32558, -0.538852, -1.93616 )

[node name="Rock4" parent="Rocks/RockGroup2" instance=ExtResource( 3 )]
transform = Transform( -0.833498, -0.016655, 0.552271, 0.190223, -0.94709, 0.258527, 0.518744, 0.320537, 0.792566, 6.87302, -0.0241094, 0.272572 )

[node name="RockGroup3" type="Spatial" parent="Rocks"]
transform = Transform( -0.156607, 0, 0.987661, 0, 1, 0, -0.987661, 0, -0.156607, 0.179147, 0, -0.264048 )

[node name="Rock" parent="Rocks/RockGroup3" instance=ExtResource( 3 )]
transform = Transform( 0.104546, 0, 0.99452, 0, 1, 0, -0.99452, 0, 0.104546, 6.01701, -0.538852, 1.73994 )

[node name="Rock2" parent="Rocks/RockGroup3" instance=ExtResource( 3 )]
transform = Transform( -0.0699694, -0.625852, 0.776797, 0.966851, -0.234243, -0.101637, 0.245569, 0.743935, 0.621496, 6.32558, -0.538852, -0.736328 )

[node name="Rock3" parent="Rocks/RockGroup3" instance=ExtResource( 3 )]
transform = Transform( -0.995848, 0.0331184, 0.0847936, -0.0408989, -0.994944, -0.0917302, 0.0813269, -0.0948173, 0.992167, 6.32558, -0.538852, -1.93616 )

[node name="Rock4" parent="Rocks/RockGroup3" instance=ExtResource( 3 )]
transform = Transform( -0.833498, -0.016655, 0.552271, 0.190223, -0.94709, 0.258527, 0.518744, 0.320537, 0.792566, 6.87302, -0.0241094, 0.272573 )

[node name="RockGroup4" type="Spatial" parent="Rocks"]
transform = Transform( 0.613179, 0.000332694, -0.789944, 0.10264, -0.991556, 0.0792551, -0.783247, -0.129678, -0.608036, -0.225478, -1.39438, -0.152979 )

[node name="Rock" parent="Rocks/RockGroup4" instance=ExtResource( 3 )]
transform = Transform( 0.104546, 0, 0.99452, 0, 1, 0, -0.99452, 0, 0.104546, 6.01701, -0.538852, 1.73994 )

[node name="Rock2" parent="Rocks/RockGroup4" instance=ExtResource( 3 )]
transform = Transform( -0.0699694, -0.625852, 0.776797, 0.966851, -0.234243, -0.101637, 0.245569, 0.743935, 0.621496, 6.32558, -0.538852, -0.736328 )

[node name="Rock3" parent="Rocks/RockGroup4" instance=ExtResource( 3 )]
transform = Transform( -0.995848, 0.0331184, 0.0847936, -0.0408989, -0.994944, -0.0917302, 0.0813269, -0.0948173, 0.992167, 6.32558, -0.538852, -1.93616 )

[node name="Rock4" parent="Rocks/RockGroup4" instance=ExtResource( 3 )]
transform = Transform( -0.833498, -0.016655, 0.552271, 0.190223, -0.94709, 0.258527, 0.518744, 0.320537, 0.792566, 6.87302, -0.0241094, 0.272573 )

[node name="RockGroup5" type="Spatial" parent="Rocks"]
transform = Transform( -0.263469, 0, -0.964668, 0, 1, 0, 0.964668, 0, -0.263469, -0.230415, 0, -0.241103 )

[node name="Rock" parent="Rocks/RockGroup5" instance=ExtResource( 3 )]
transform = Transform( 0.104546, 0, 0.99452, 0, 1, 0, -0.99452, 0, 0.104546, 6.01701, -0.538852, 1.73994 )

[node name="Rock2" parent="Rocks/RockGroup5" instance=ExtResource( 3 )]
transform = Transform( -0.0699694, -0.625852, 0.776797, 0.966851, -0.234243, -0.101637, 0.245569, 0.743935, 0.621496, 6.32558, -0.538852, -0.736328 )

[node name="Rock3" parent="Rocks/RockGroup5" instance=ExtResource( 3 )]
transform = Transform( -0.995848, 0.0331184, 0.0847936, -0.0408989, -0.994944, -0.0917302, 0.0813269, -0.0948173, 0.992167, 6.32558, -0.538852, -1.93616 )

[node name="Rock4" parent="Rocks/RockGroup5" instance=ExtResource( 3 )]
transform = Transform( -0.833498, -0.016655, 0.552271, 0.190223, -0.94709, 0.258527, 0.518744, 0.320537, 0.792566, 6.87302, -0.0241094, 0.272573 )

[node name="Spawnpoint" type="Position3D" parent="."]
transform = Transform( -1, 0, -8.74228e-08, 0, 1, 0, 8.74228e-08, 0, -1, 0, 0, 0 )

[node name="Spawnpoint3" type="Position3D" parent="."]
transform = Transform( -1, 0, -8.74228e-08, 0, 1, 0, 8.74228e-08, 0, -1, -269.599, -3.8147e-06, -81.7497 )
