[gd_scene load_steps=14 format=2]

[ext_resource path="res://PlaneSteppedShading.tres" type="Material" id=1]
[ext_resource path="res://Sailboat.tscn" type="PackedScene" id=2]
[ext_resource path="res://CameraPivot.gd" type="Script" id=3]
[ext_resource path="res://Camera.gd" type="Script" id=4]
[ext_resource path="res://LanternLight.gd" type="Script" id=5]
[ext_resource path="res://Sailboat.gd" type="Script" id=6]
[ext_resource path="res://Rocks.tscn" type="PackedScene" id=7]

[sub_resource type="PlaneMesh" id=1]
size = Vector2( 100, 100 )

[sub_resource type="SphereMesh" id=2]

[sub_resource type="CapsuleMesh" id=3]

[sub_resource type="SpatialMaterial" id=4]

[sub_resource type="Environment" id=5]
background_mode = 1

[sub_resource type="OpenSimplexNoise" id=6]
period = 1.4

[node name="Main" type="Spatial"]

[node name="Floor" type="MeshInstance" parent="."]
transform = Transform( 1, 0, 0, 0, 1, 0, 0, 0, 1, 0, 0, -2.23376 )
material_override = ExtResource( 1 )
mesh = SubResource( 1 )
material/0 = null
__meta__ = {
"_edit_lock_": true
}

[node name="MeshInstance2" type="MeshInstance" parent="."]
transform = Transform( 1, 0, 0, 0, 0.218927, -0.975741, 0, 0.975741, 0.218927, -0.273081, 0.983607, -1.22099 )
visible = false
material_override = ExtResource( 1 )
mesh = SubResource( 2 )
material/0 = null

[node name="MeshInstance4" type="MeshInstance" parent="."]
transform = Transform( -0.0157248, -0.674296, -0.738294, 0, 0.738385, -0.67438, 0.999876, -0.0106045, -0.0116109, 2.64292, 1.88905, -1.49307 )
visible = false
material_override = ExtResource( 1 )
mesh = SubResource( 3 )
material/0 = null

[node name="MeshInstance3" type="MeshInstance" parent="."]
transform = Transform( 1, 0, 0, 0, 1, 0, 0, 0, 1, -2.48595, 0, -3.61375 )
visible = false
material_override = SubResource( 4 )
mesh = SubResource( 2 )
material/0 = null

[node name="WorldEnvironment" type="WorldEnvironment" parent="."]
environment = SubResource( 5 )

[node name="OmniLight" type="OmniLight" parent="."]
transform = Transform( 1, 0, 0, 0, 1, 0, 0, 0, 1, -0.553594, 3.75447, -1.72873 )
visible = false
shadow_enabled = true
omni_range = 13.1905

[node name="DirectionalLight" type="DirectionalLight" parent="."]
transform = Transform( -0.0808332, 0.879393, 0.469185, -0.707707, -0.382109, 0.59426, 0.701867, -0.284009, 0.653239, 0.0708203, 4.43826, 0.00610995 )
visible = false
shadow_enabled = true
shadow_bias = 0.09

[node name="Sailboat" parent="." instance=ExtResource( 2 )]
transform = Transform( 1, 0, 0, 0, 1, 0, 0, 0, 1, 0, 0.462857, 0 )
script = ExtResource( 6 )

[node name="LanternLight" type="OmniLight" parent="."]
transform = Transform( 1, 0, 0, 0, 1, 0, 0, 0, 1, 2.11229, 4.15484, 3.15081 )
shadow_enabled = true
shadow_bias = 0.25
shadow_contact = 0.28
omni_range = 15.0
script = ExtResource( 5 )
__meta__ = {
"_edit_lock_": true
}
noise = SubResource( 6 )

[node name="CameraPivot" type="Spatial" parent="."]
transform = Transform( 1, 0, 0, 0, 0.87224, 0.489078, 0, -0.489078, 0.87224, 0, 0, 0 )
script = ExtResource( 3 )

[node name="Camera" type="Camera" parent="CameraPivot"]
transform = Transform( 1, 0, 0, 0, 1, 0, 0, 0, 1, 0, 0, 20 )
script = ExtResource( 4 )
look_at_path = NodePath("../../CameraTarget")

[node name="CameraTarget" type="Spatial" parent="."]

[node name="Rocks" type="Spatial" parent="."]

[node name="RockGroup" type="Spatial" parent="Rocks"]

[node name="Rock" parent="Rocks/RockGroup" instance=ExtResource( 7 )]
transform = Transform( 0.104546, 0, 0.99452, 0, 1, 0, -0.99452, 0, 0.104546, 6.01701, -0.538852, 1.73994 )

[node name="Rock2" parent="Rocks/RockGroup" instance=ExtResource( 7 )]
transform = Transform( -0.0699694, -0.625852, 0.776797, 0.966851, -0.234243, -0.101637, 0.245569, 0.743935, 0.621496, 6.32558, -0.538852, -0.736328 )

[node name="Rock3" parent="Rocks/RockGroup" instance=ExtResource( 7 )]
transform = Transform( -0.995848, 0.0331184, 0.0847936, -0.0408989, -0.994944, -0.0917302, 0.0813269, -0.0948173, 0.992167, 6.32558, -0.538852, -1.93616 )

[node name="Rock4" parent="Rocks/RockGroup" instance=ExtResource( 7 )]
transform = Transform( -0.833498, -0.016655, 0.552271, 0.190223, -0.94709, 0.258527, 0.518744, 0.320537, 0.792566, 6.87302, -0.0241094, 0.272573 )

[node name="RockGroup2" type="Spatial" parent="Rocks"]
transform = Transform( 0.677555, 0.128026, 0.724244, 0.10264, -0.991556, 0.0792551, 0.728275, 0.020637, -0.684974, -0.0463319, -1.39438, -0.417027 )

[node name="Rock" parent="Rocks/RockGroup2" instance=ExtResource( 7 )]
transform = Transform( 0.104546, -1.86265e-09, 0.99452, 2.04891e-08, 1, -4.65661e-09, -0.99452, 2.79397e-09, 0.104546, 6.01701, -0.538852, 1.73994 )

[node name="Rock2" parent="Rocks/RockGroup2" instance=ExtResource( 7 )]
transform = Transform( -0.0699694, -0.625852, 0.776797, 0.966851, -0.234243, -0.101637, 0.245569, 0.743935, 0.621496, 6.32558, -0.538852, -0.736328 )

[node name="Rock3" parent="Rocks/RockGroup2" instance=ExtResource( 7 )]
transform = Transform( -0.995848, 0.0331184, 0.0847936, -0.0408989, -0.994944, -0.0917302, 0.0813269, -0.0948173, 0.992167, 6.32558, -0.538852, -1.93616 )

[node name="Rock4" parent="Rocks/RockGroup2" instance=ExtResource( 7 )]
transform = Transform( -0.833498, -0.016655, 0.552271, 0.190223, -0.94709, 0.258527, 0.518744, 0.320537, 0.792566, 6.87302, -0.0241094, 0.272572 )

[node name="RockGroup3" type="Spatial" parent="Rocks"]
transform = Transform( -0.156607, 0, 0.987661, 0, 1, 0, -0.987661, 0, -0.156607, 0.179147, 0, -0.264048 )

[node name="Rock" parent="Rocks/RockGroup3" instance=ExtResource( 7 )]
transform = Transform( 0.104546, 0, 0.99452, 0, 1, 0, -0.99452, 0, 0.104546, 6.01701, -0.538852, 1.73994 )

[node name="Rock2" parent="Rocks/RockGroup3" instance=ExtResource( 7 )]
transform = Transform( -0.0699694, -0.625852, 0.776797, 0.966851, -0.234243, -0.101637, 0.245569, 0.743935, 0.621496, 6.32558, -0.538852, -0.736328 )

[node name="Rock3" parent="Rocks/RockGroup3" instance=ExtResource( 7 )]
transform = Transform( -0.995848, 0.0331184, 0.0847936, -0.0408989, -0.994944, -0.0917302, 0.0813269, -0.0948173, 0.992167, 6.32558, -0.538852, -1.93616 )

[node name="Rock4" parent="Rocks/RockGroup3" instance=ExtResource( 7 )]
transform = Transform( -0.833498, -0.016655, 0.552271, 0.190223, -0.94709, 0.258527, 0.518744, 0.320537, 0.792566, 6.87302, -0.0241094, 0.272573 )

[node name="RockGroup4" type="Spatial" parent="Rocks"]
transform = Transform( 0.613179, 0.000332694, -0.789944, 0.10264, -0.991556, 0.0792551, -0.783247, -0.129678, -0.608036, -0.225478, -1.39438, -0.152979 )

[node name="Rock" parent="Rocks/RockGroup4" instance=ExtResource( 7 )]
transform = Transform( 0.104546, 0, 0.99452, 0, 1, 0, -0.99452, 0, 0.104546, 6.01701, -0.538852, 1.73994 )

[node name="Rock2" parent="Rocks/RockGroup4" instance=ExtResource( 7 )]
transform = Transform( -0.0699694, -0.625852, 0.776797, 0.966851, -0.234243, -0.101637, 0.245569, 0.743935, 0.621496, 6.32558, -0.538852, -0.736328 )

[node name="Rock3" parent="Rocks/RockGroup4" instance=ExtResource( 7 )]
transform = Transform( -0.995848, 0.0331184, 0.0847936, -0.0408989, -0.994944, -0.0917302, 0.0813269, -0.0948173, 0.992167, 6.32558, -0.538852, -1.93616 )

[node name="Rock4" parent="Rocks/RockGroup4" instance=ExtResource( 7 )]
transform = Transform( -0.833498, -0.016655, 0.552271, 0.190223, -0.94709, 0.258527, 0.518744, 0.320537, 0.792566, 6.87302, -0.0241094, 0.272573 )

[node name="RockGroup5" type="Spatial" parent="Rocks"]
transform = Transform( -0.263469, 0, -0.964668, 0, 1, 0, 0.964668, 0, -0.263469, -0.230415, 0, -0.241103 )

[node name="Rock" parent="Rocks/RockGroup5" instance=ExtResource( 7 )]
transform = Transform( 0.104546, 0, 0.99452, 0, 1, 0, -0.99452, 0, 0.104546, 6.01701, -0.538852, 1.73994 )

[node name="Rock2" parent="Rocks/RockGroup5" instance=ExtResource( 7 )]
transform = Transform( -0.0699694, -0.625852, 0.776797, 0.966851, -0.234243, -0.101637, 0.245569, 0.743935, 0.621496, 6.32558, -0.538852, -0.736328 )

[node name="Rock3" parent="Rocks/RockGroup5" instance=ExtResource( 7 )]
transform = Transform( -0.995848, 0.0331184, 0.0847936, -0.0408989, -0.994944, -0.0917302, 0.0813269, -0.0948173, 0.992167, 6.32558, -0.538852, -1.93616 )

[node name="Rock4" parent="Rocks/RockGroup5" instance=ExtResource( 7 )]
transform = Transform( -0.833498, -0.016655, 0.552271, 0.190223, -0.94709, 0.258527, 0.518744, 0.320537, 0.792566, 6.87302, -0.0241094, 0.272573 )

[node name="RockGroup6" type="Spatial" parent="Rocks"]
transform = Transform( -0.881058, -0.0536386, 0.469956, 0.10264, -0.991556, 0.0792551, 0.461737, 0.118065, 0.879124, 0.184084, -1.39438, -0.175924 )

[node name="Rock" parent="Rocks/RockGroup6" instance=ExtResource( 7 )]
transform = Transform( 0.104546, 7.45058e-09, 0.99452, 7.45058e-09, 1, -1.49012e-08, -0.99452, 1.49012e-08, 0.104546, 6.01701, -0.538852, 1.73994 )

[node name="Rock2" parent="Rocks/RockGroup6" instance=ExtResource( 7 )]
transform = Transform( -0.0699694, -0.625852, 0.776797, 0.966851, -0.234243, -0.101637, 0.245569, 0.743935, 0.621496, 6.32558, -0.538852, -0.736328 )

[node name="Rock3" parent="Rocks/RockGroup6" instance=ExtResource( 7 )]
transform = Transform( -0.995848, 0.0331184, 0.0847936, -0.0408989, -0.994944, -0.0917302, 0.0813269, -0.0948173, 0.992167, 6.32558, -0.538852, -1.93616 )

[node name="Rock4" parent="Rocks/RockGroup6" instance=ExtResource( 7 )]
transform = Transform( -0.833498, -0.016655, 0.552271, 0.190223, -0.94709, 0.258527, 0.518744, 0.320537, 0.792566, 6.87302, -0.0241094, 0.272573 )
