[gd_scene load_steps=18 format=2]

[ext_resource path="res://PlaneSteppedShading.tres" type="Material" id=1]
[ext_resource path="res://Sailboat.tscn" type="PackedScene" id=2]
[ext_resource path="res://CameraPivot.gd" type="Script" id=3]
[ext_resource path="res://Sailboat.gd" type="Script" id=4]
[ext_resource path="res://LanternLight.gd" type="Script" id=5]
[ext_resource path="res://WindDirectionIndicator.gd" type="Script" id=6]
[ext_resource path="res://Rocks.tscn" type="PackedScene" id=7]
[ext_resource path="res://LanternLight.tscn" type="PackedScene" id=8]

[sub_resource type="PlaneMesh" id=1]
size = Vector2( 100, 100 )

[sub_resource type="Environment" id=2]
background_mode = 1
glow_intensity = 1.26
glow_strength = 2.0

[sub_resource type="OpenSimplexNoise" id=3]
period = 1.4

[sub_resource type="BoxShape" id=4]
extents = Vector3( 1.76229, 0.772962, 1.41506 )

[sub_resource type="BoxShape" id=5]
extents = Vector3( 0.57749, 0.772962, 0.623101 )

[sub_resource type="BoxShape" id=6]
extents = Vector3( 0.137345, 0.772962, 0.623101 )

[sub_resource type="CubeMesh" id=7]
size = Vector3( 2, 0.5, 0.5 )

[sub_resource type="SpatialMaterial" id=8]
albedo_color = Color( 1, 0, 0, 1 )

[sub_resource type="CubeMesh" id=9]
size = Vector3( 0.6, 0.7, 0.7 )

[node name="Main" type="Spatial"]

[node name="Floor" type="MeshInstance" parent="."]
transform = Transform( 1, 0, 0, 0, 1, 0, 0, 0, 1, 0, 0, -2.23376 )
material_override = ExtResource( 1 )
mesh = SubResource( 1 )
material/0 = null
__meta__ = {
"_edit_lock_": true
}

[node name="WorldEnvironment" type="WorldEnvironment" parent="."]
environment = SubResource( 2 )

[node name="LanternLight" parent="." instance=ExtResource( 8 )]

[node name="LanternLight2" type="OmniLight" parent="."]
transform = Transform( 1, 0, 0, 0, 1, 0, 0, 0, 1, -17.6687, 4.15484, -26.4827 )
shadow_enabled = true
shadow_bias = 0.25
shadow_contact = 0.28
omni_range = 49.8176
script = ExtResource( 5 )
noise = SubResource( 3 )

[node name="CameraPivot" type="Spatial" parent="."]
transform = Transform( 1, 0, 0, 0, 0.87224, 0.489078, 0, -0.489078, 0.87224, 0, 0, 0 )
script = ExtResource( 3 )
look_at_path = NodePath("../Sailboat/CameraTarget")

[node name="Camera" type="Camera" parent="CameraPivot"]
transform = Transform( 1, 0, 0, 0, 1, 0, 0, 0, 1, 0, 0, 20 )

[node name="Rocks" type="Spatial" parent="."]

[node name="RockGroup" type="Spatial" parent="Rocks"]

[node name="Rock" parent="Rocks/RockGroup" instance=ExtResource( 7 )]
transform = Transform( 0.104546, 0, 0.99452, 0, 1, 0, -0.99452, 0, 0.104546, 6.01701, -0.538852, 1.73994 )

[node name="Rock2" parent="Rocks/RockGroup" instance=ExtResource( 7 )]
transform = Transform( -0.0699694, -0.625852, 0.776797, 0.966851, -0.234243, -0.101637, 0.245569, 0.743935, 0.621496, 6.32558, -0.538852, -0.736328 )

[node name="Rock3" parent="Rocks/RockGroup" instance=ExtResource( 7 )]
transform = Transform( -0.995848, 0.0331184, 0.0847936, -0.0408989, -0.994944, -0.0917302, 0.0813269, -0.0948173, 0.992167, 6.32558, -0.538852, -1.93616 )

[node name="Rock4" parent="Rocks/RockGroup" instance=ExtResource( 7 )]
transform = Transform( -0.833498, -0.016655, 0.552271, 0.190223, -0.94709, 0.258527, 0.518744, 0.320537, 0.792566, 6.87302, -0.0241094, 0.272573 )

[node name="RockGroup2" type="Spatial" parent="Rocks"]
transform = Transform( 0.677555, 0.128026, 0.724244, 0.10264, -0.991556, 0.0792551, 0.728275, 0.020637, -0.684974, -0.0463319, -1.39438, -0.417027 )

[node name="Rock" parent="Rocks/RockGroup2" instance=ExtResource( 7 )]
transform = Transform( 0.104546, -1.86265e-09, 0.99452, 2.04891e-08, 1, -4.65661e-09, -0.99452, 2.79397e-09, 0.104546, 6.01701, -0.538852, 1.73994 )

[node name="Rock2" parent="Rocks/RockGroup2" instance=ExtResource( 7 )]
transform = Transform( -0.0699694, -0.625852, 0.776797, 0.966851, -0.234243, -0.101637, 0.245569, 0.743935, 0.621496, 6.32558, -0.538852, -0.736328 )

[node name="Rock3" parent="Rocks/RockGroup2" instance=ExtResource( 7 )]
transform = Transform( -0.995848, 0.0331184, 0.0847936, -0.0408989, -0.994944, -0.0917302, 0.0813269, -0.0948173, 0.992167, 6.32558, -0.538852, -1.93616 )

[node name="Rock4" parent="Rocks/RockGroup2" instance=ExtResource( 7 )]
transform = Transform( -0.833498, -0.016655, 0.552271, 0.190223, -0.94709, 0.258527, 0.518744, 0.320537, 0.792566, 6.87302, -0.0241094, 0.272572 )

[node name="RockGroup3" type="Spatial" parent="Rocks"]
transform = Transform( -0.156607, 0, 0.987661, 0, 1, 0, -0.987661, 0, -0.156607, 0.179147, 0, -0.264048 )

[node name="Rock" parent="Rocks/RockGroup3" instance=ExtResource( 7 )]
transform = Transform( 0.104546, 0, 0.99452, 0, 1, 0, -0.99452, 0, 0.104546, 6.01701, -0.538852, 1.73994 )

[node name="Rock2" parent="Rocks/RockGroup3" instance=ExtResource( 7 )]
transform = Transform( -0.0699694, -0.625852, 0.776797, 0.966851, -0.234243, -0.101637, 0.245569, 0.743935, 0.621496, 6.32558, -0.538852, -0.736328 )

[node name="Rock3" parent="Rocks/RockGroup3" instance=ExtResource( 7 )]
transform = Transform( -0.995848, 0.0331184, 0.0847936, -0.0408989, -0.994944, -0.0917302, 0.0813269, -0.0948173, 0.992167, 6.32558, -0.538852, -1.93616 )

[node name="Rock4" parent="Rocks/RockGroup3" instance=ExtResource( 7 )]
transform = Transform( -0.833498, -0.016655, 0.552271, 0.190223, -0.94709, 0.258527, 0.518744, 0.320537, 0.792566, 6.87302, -0.0241094, 0.272573 )

[node name="RockGroup4" type="Spatial" parent="Rocks"]
transform = Transform( 0.613179, 0.000332694, -0.789944, 0.10264, -0.991556, 0.0792551, -0.783247, -0.129678, -0.608036, -0.225478, -1.39438, -0.152979 )

[node name="Rock" parent="Rocks/RockGroup4" instance=ExtResource( 7 )]
transform = Transform( 0.104546, 0, 0.99452, 0, 1, 0, -0.99452, 0, 0.104546, 6.01701, -0.538852, 1.73994 )

[node name="Rock2" parent="Rocks/RockGroup4" instance=ExtResource( 7 )]
transform = Transform( -0.0699694, -0.625852, 0.776797, 0.966851, -0.234243, -0.101637, 0.245569, 0.743935, 0.621496, 6.32558, -0.538852, -0.736328 )

[node name="Rock3" parent="Rocks/RockGroup4" instance=ExtResource( 7 )]
transform = Transform( -0.995848, 0.0331184, 0.0847936, -0.0408989, -0.994944, -0.0917302, 0.0813269, -0.0948173, 0.992167, 6.32558, -0.538852, -1.93616 )

[node name="Rock4" parent="Rocks/RockGroup4" instance=ExtResource( 7 )]
transform = Transform( -0.833498, -0.016655, 0.552271, 0.190223, -0.94709, 0.258527, 0.518744, 0.320537, 0.792566, 6.87302, -0.0241094, 0.272573 )

[node name="RockGroup5" type="Spatial" parent="Rocks"]
transform = Transform( -0.263469, 0, -0.964668, 0, 1, 0, 0.964668, 0, -0.263469, -0.230415, 0, -0.241103 )

[node name="Rock" parent="Rocks/RockGroup5" instance=ExtResource( 7 )]
transform = Transform( 0.104546, 0, 0.99452, 0, 1, 0, -0.99452, 0, 0.104546, 6.01701, -0.538852, 1.73994 )

[node name="Rock2" parent="Rocks/RockGroup5" instance=ExtResource( 7 )]
transform = Transform( -0.0699694, -0.625852, 0.776797, 0.966851, -0.234243, -0.101637, 0.245569, 0.743935, 0.621496, 6.32558, -0.538852, -0.736328 )

[node name="Rock3" parent="Rocks/RockGroup5" instance=ExtResource( 7 )]
transform = Transform( -0.995848, 0.0331184, 0.0847936, -0.0408989, -0.994944, -0.0917302, 0.0813269, -0.0948173, 0.992167, 6.32558, -0.538852, -1.93616 )

[node name="Rock4" parent="Rocks/RockGroup5" instance=ExtResource( 7 )]
transform = Transform( -0.833498, -0.016655, 0.552271, 0.190223, -0.94709, 0.258527, 0.518744, 0.320537, 0.792566, 6.87302, -0.0241094, 0.272573 )

[node name="Sailboat" type="KinematicBody" parent="."]
transform = Transform( -0.997971, 0, -0.0636615, 0, 1, 0, 0.0636615, 0, -0.997971, 0, 1.09005, 0 )
script = ExtResource( 4 )

[node name="CollisionShape" type="CollisionShape" parent="Sailboat"]
transform = Transform( 1, 0, -2.98023e-08, 0, 1, 0, 2.98023e-08, 0, 1, 0, 0, 0 )
shape = SubResource( 4 )

[node name="CollisionShape2" type="CollisionShape" parent="Sailboat"]
transform = Transform( 1, 0, -2.98023e-08, 0, 1, 0, 2.98023e-08, 0, 1, 1.883, 0, 0 )
shape = SubResource( 5 )
disabled = true

[node name="CollisionShape3" type="CollisionShape" parent="Sailboat"]
transform = Transform( 1, 0, -2.98023e-08, 0, 1, 0, 2.98023e-08, 0, 1, 2.618, 0, 0 )
shape = SubResource( 6 )
disabled = true

[node name="SailboatMesh" parent="Sailboat" instance=ExtResource( 2 )]
transform = Transform( 1, 0, 0, 0, 1, 0, 0, 0, 1, 0, 0.462857, 0 )

[node name="CameraTarget" type="Spatial" parent="Sailboat"]

[node name="RudderPosition" type="Position3D" parent="Sailboat"]
transform = Transform( 1, 0, 0, 0, 1, 0, 0, 0, 1, -1.9906, 0, -0.126982 )

[node name="BuoyancyPoints" type="Spatial" parent="Sailboat"]

[node name="WindDirectionIndicator" type="MeshInstance" parent="."]
transform = Transform( 1, 0, 0, 0, 1, 0, 0, 0, 1, -6.11904, 0, 3.47717 )
mesh = SubResource( 7 )
material/0 = null
script = ExtResource( 6 )

[node name="MeshInstance" type="MeshInstance" parent="WindDirectionIndicator"]
transform = Transform( 1, 0, 0, 0, 1, 0, 0, 0, 1, -0.767219, 0, 0 )
material_override = SubResource( 8 )
mesh = SubResource( 9 )
material/0 = null

[node name="DirectionalLight" type="DirectionalLight" parent="."]
transform = Transform( 1, 0, 0, 0, 0.891323, 0.453368, 0, -0.453368, 0.891323, 0, 0, 0 )
shadow_enabled = true
